<?xml version="1.0" encoding="UTF-8" standalone="no"?>
<!DOCTYPE svg PUBLIC "-//W3C//DTD SVG 20010904//EN"
              "http://www.w3.org/TR/2001/REC-SVG-20010904/DTD/svg10.dtd">

<svg xmlns="http://www.w3.org/2000/svg"
     width="2.97879in" height="3.26001in"
     viewBox="0 0 286 313">
  <path id="Unnamed"
        fill="none" stroke="black" stroke-width="1"
        d="M 141.00,4.00
           C 141.00,4.00 127.00,64.00 127.00,64.00
             127.00,64.00 99.00,44.00 99.00,44.00
             99.00,44.00 101.00,115.00 101.00,115.00
             101.00,115.00 66.00,86.00 66.00,86.00
             66.00,86.00 65.00,113.00 65.00,113.00
             65.00,113.00 32.00,109.00 32.00,109.00
             32.00,109.00 54.00,138.00 54.00,138.00
             54.00,138.00 31.00,159.00 31.00,159.00
             31.00,159.00 102.00,199.00 102.00,199.00
             102.00,199.00 93.00,234.00 93.00,234.00
             93.00,234.00 149.00,228.00 149.00,228.00
             149.00,228.00 144.00,259.00 145.00,259.00
             146.00,259.00 137.00,306.00 137.00,306.00
             137.00,306.00 153.00,304.00 153.00,304.00
             153.00,304.00 162.00,257.00 162.00,257.00
             162.00,257.00 168.00,199.00 168.00,199.00
             168.00,199.00 167.00,171.00 167.00,171.00
             167.00,171.00 167.00,146.00 167.00,146.00
             167.00,146.00 169.00,125.00 169.00,125.00
             169.00,125.00 168.00,103.00 168.00,103.00
             168.00,103.00 166.00,79.00 166.00,79.00
             166.00,79.00 163.00,60.00 163.00,60.00
             163.88,60.15 163.23,41.56 160.00,41.00
             160.00,41.00 157.00,31.00 157.00,31.00
             157.00,31.00 153.00,18.00 153.00,18.00
             153.00,18.00 142.00,5.00 142.00,5.00" />
</svg>
